MODELO 02

EJERCICIO 1

texto:"Al pie del murallón los pasos se hundían ya
en la arena, y por el aire negro, tal vagos fantasmas,
surgieron las velas de las barcas pesqueras. Allí es-
taba él: en lo oscuro, un lamento de gozo o de pena;
una voz insomne llamando nadie sabe qué o quién 
en la vastedad sin nombre de la noche. 
(OCNOS, Luis Cernuda)" 


EJERCICIO 2

L=[13,56,22]


EJERCICIO 3

Apartado a)

alf="AÁBCDEÉFGHIÍJKLMNÑOÓPQRSTUÚVWXYZ .,;:()¿?¡!-0123456789aábcdeéfghiíjklmnñoópqrstuúvwxyz"

A=[1,0,1,0,1,0,1,1,1],
[1,0,1,0,1,1,0,0,1],
[1,0,1,1,0,1,1,0,0],
[0,1,0,1,0,0,1,1,0],
[0,0,1,1,1,0,0,1,1],
[1,1,1,1,0,0,0,0,0]


lista_01=[0,0,0,0,1,0,0,0,1,1,1,0,0,1,1,1,1,0,0,0,1,1,1,1,1,0,1,1,1,0,1,0,0,1,1,1,0,0,1,1,0,0,0,1,0,0,0,1,0,1,1,0,1,1,1,1,1,1,1,1,0,1,1,0,1,0,0,0,1,0,0,0,1,1,0,0,0,1,1,0,1,0,0,0,1,0,1,0,1,0,0,0,1,1,1,0,1,1,0,1,1,1,0,0,1,1,0,0,1,0,0,1,1,1,1,1,0,0,0,1,0,0,1,0,0,0,1,0,1,1,0,1,1,0,0,0,0,0,1,1,1,1,0,0,1,1,0,1,0,1,0,1,0,0,1,1,0,1,1,0,0,1,0,1,0,1,0,1,1,0,1,1,0,1,1,1,1,1,0,1,0,0,0,0,0,1,1,1,1,1,0,0,0,0,0,0,0,1,1,1,0,1,1,0,1,1,1,0,0,1,1,0,0,1,1,1,0,0,1,1,0,0,0,1,0,1,1,0,0,1,1,1,1,0,0,1,1,1,0,1,0,1,0,1,0,0,1,1,1,1,1,1,1,1,1,0,0,0,1,0,0,0,1,0,1,0,0,1,1,0,1,0,0,0,1,0,1,0,0,1,0,0,1,0,0,0,1,1,1,0,1,1,0,1,1,1,0,0,1,1,0,0,1,0,0,0,1,0,1,1,0,1,1,0,0,1,0,0,0,1,1,0,1,1,0,0,0,1,0,
0,1,1,0,0,1,0,0,0,1,1,1,1,1,0,1,0,0,1,0,0,1,0,1,0,0,0,1,1,0,0,1,0,1,0,1,0,0,0,1,0,0,1,0,0,0,0,0,0,0,1,0,0,0,1,1,1,0,0,1,1,0,0,0,0,0,1,1,1,1,1,0,0,0,0,0,0,0,0,1,1,0,0,1,1,0,1,0,1,0,1,0,1,1,1,1,0,0,1,1,1,0,0,0,0,0,1,0,1,1,0,1,1,0,1,1,1,1,1,0,1,1,0,1,0,0,0,0,0,0,1,1,1,0,1,1,1,1,0,1,0,0,0,1,0,1,0,1,0,0,0,1,1,1,0,1,0,1,0,0,0,1,0,0,0,1,0,0,0,0,0,1,1,1,1,1,0,0,0,0,0,0,0,0,1,0,0,0,1,0,1,0,0,1,1,0,0,1,1,1,0,1,1,0,1,1,1,0,0,1,1,1,1,0,0,1,1,1,1,0,0,1,1,1,0,1,0,1,0,1,0,0,1,1,1,1,1,1,1,1,1,0,1,0,0,1,0,1,0,0,1,0,1,0,1,0,0,0,0,0,1,0,0,0,1,1,1,0,0,1,1,0,1,1,0,1,0,0,0,1,0,0,0,1,1,0,1,1,1,0,1,1,0,1,1,1,1,0,0,0,1,0,1,1,1,0,1,1,0,1,1,1,0,0,1,1,0,1,0,0,1,1,0,1,1,0,0,1,0,1,0,1,1,0,
1,1,1,1,0,0,1,1,1,0,1,1,0,0,1,0,1,1,0,1,1,1,1,1,1,1,1,1,0,0,1,1,0,1,1,0,0,0,0,0,1,0,0,0,0,0,0,1,1,1,1,1,0,0,0,0,0,0,0,1,0,0,1,0,1,0,0,0,1,1,0,0,1,0,0,0,1,1,0,1,1,0,0,0,1,0,0,0,0,1,0,0,0,1,0,1,1,0,1,1,0,0,0,0,0,1,0,0,0,1,0,1,0,0,1,1,0,0,0,0,0,1,1,1,1,0,0,1,0,0,1,1,1,0,1,0,0,1,1,1,1,0,1,1,0,1,1,1,1,0,1,1,0,0,1,1,0,1,1,0,1,1,1,0,0,0,0,0,1,0,1,0,1,0,1,1,1,1,0,0,1,1,1,0,0,1,1,0,0,0,1,0,1,1,0,0,0,1,1,1,1,1,0,1,1,1,0,1,0,0,1,1,0,1,1,0,0,0,0,0,1,0,1,1,0,0,1,0,0,0,1,1,1,1,1,0,1,0,0,0,0,0,1,1,1,1,1,0,0,0,0,0,1,1,1,0,0,1,0,1,0,0,0,0,0,1,0,0,0,1,0,1,0,1,0,0,0,1,1,1,1,1,1,0,0,1,0,0,1,1,1,1,1,0,0,0,1,0,0,1,1,1,0,1,1,0,1,1,1,0,0,1,0,1,0,1,1,0,1,1,0,0,0,1,1,0,0,1,1,0,0,1,0,0,
0,1,1,1,1,1,0,1,0,0,0,0,0,1,1,1,1,1,0,0,0,0,0,1,1,0,1,0,0,0,1,0,1,0,1,0,0,0,1,1,1,0,1,1,0,1,1,1,1,0,0,0,1,1,0,0,0,1,0,1,0,0,1,0,0,1,0,0,0,0,1,0,0,0,1,0,1,1,0,1,1,0,0,0,0,0,1,1,0,0,1,1,0,1,0,1,0,1,1,1,0,1,0,0,0,1,0,1,0,1,0,0,0,0,1,1,1,1,0,0,1,1,1,0,0,0,0,0,0,1,0,0,0,0,1,0,1,0,1,1,0,0,1,1,0,0,0,0,0,1,0,1,0,1,0,1,1,1,1,0,0,1,0,1,0,0,0,0,1,0,0,0,1,1,1,0,0,1,1,1,1,0,0,1,1,1,0,1,1,1,0,1,1,1,1,0,0,1,1,1,0,1,1,0,1,1,0,1,0,0,0,1,0,0,0,1,1,0,0,0,0,0,0,1,1,1,1,1,0,0,0,0,0,1,1,0,1,1,1,1,0,0,1,1,1,0,1,1,0,0,1,1,0,1,0,0,0,1,0,1,0,1,0,0,1,0,0,0,0,1,0,1,0,1,1,0,0,1,0,1,0,0,0,1,0,1,0,1,1,1,0,0,1,0,0,0,1,1,0,0,1,1,0,1,0,1,0,1,1,1,0,0,1,0,0,0,1,1,1,1,1,0,1,0,0,0,0,1,0,0,0,1,1,1,
0,0,1,1,0,1,1,1,0,1,1,0,1,1,1,0,0,1,1,0,0,1,1,1,1,0,0,1,0,1,1,0,0,1,1,0,1,0,1,0,0,0,1,0,0,1,0,0,0,0,0,1,1,0,1,0,0,0,1,0,1,0,1,0,1,0,0,1,0,0,1,1,1,1,1,0,0,0,1,0,1,0,0,1,0,1,0,0,1,0,1,0,1,0,0,0,0,0,1,0,0,0,1,1,1,0,0,1,1,0,1,0,1,0,1,0,0,0,0,1,1,1,1,1,0,0,1,0,0,0,1,0,1,1,0,1,1,0,0,1,0,0,1,1,0,1,1,0,0,0,0,0,1,0,0,1,0,0,1,0,1,0,0,1,0,1,0,1,0,1,1,1,0,0,1,0,1,0,0,0,0,0,1,0,1,1,1,0,1,1,0,1,1,1,1,0,0,0,1,1,0,1,1,0,1,1,0,1,1,1,1,1,0,1,0,0,0,0,0,0,0,0,0,0,0,0,0,0,0,1,1,1,0,1,1,0,1,1,1,1,0,0,0,1,1,0,0,0,1,1,0,1,1,0,0,0,1,0,0,0,0,1,0,0,0,1,0,1,1,0,1,1,0,0,0,0,0,1,1,1,1,0,0,1,1,0,1,0,1,0,1,1,1,0,0,0,1,0,0,1,0,0,1,1,0,1,0,0,1,0,1,0,0,1,0,1,0,1,0,0,0,1,0,0,0,1,0,1,1,0,1,1,0,0,
1,1,0,1,1,0,0,1,1,0,1,1,0,1,1,0,1,0,0,0,0,1,0,1,0,1,1,0,0,1,0,0,1,0,0,0,1,0,1,1,0,1,1,0,0,0,0,0,1,1,1,1,0,0,1,1,0,1,0,1,1,1,1,0,1,1,0,1,1,1,1,0,0,0,1,0,1,1,0,1,0,0,0,1,0,0,0,1,1,0,0,1,1,0,1,0,0,0,1,0,0,0,1,1,0,1,0,0,0,0,0,1,0,1,0,1,0,1,1,1,1,0,0,0,1,1,0,1,1,0,0,0,1,0,0,0,0,1,1,0,1,0,0,0,1,0,1,0,1,0,1,0,0,1,1,1,0,0,1,1,0,0,0,1,0,0,0,1,1,0,0,1,1,1,0,0,1,0,1,0,0,0,0,0,0,1,1,1,1,1,0,0,0,0,0,1,1,0,1,0,1,1,0,1,0,0,1,0,0,0,0,0,1,0,0,0,1,0,1,1,0,1,1,0,0,0,1,0,0,0,0,1,0,1,0,1,1,0,0,1,1,0,1,0,0,0,0,0,0,1,1,1,0,1,1,0,0,0,1,0,0,0,1,0,1,0,0,1,1,0,0,0,0,0,1,0,0,0,1,1,1,0,0,1,1,0,1,0,1,0,0,1,1,1,1,1,1,1,1,1,1,0,0,1,0,0,1,1,1,1,1,0,0,0,1,0,0,0,0,1,1,1,1,0,0,1,0,0,1,1,0,0,1,0,
0,0,1,0,1,1,0,1,1,0,0,0,0,0,1,0,0,0,1,0,1,0,0,1,1,0,1,0,0,0,1,0,1,0,0,1,0,0,1,0,0,1,1,1,0,1,0,1,0,0,0,1,0,0,0,1,0,0,1,0,0,1,0,1,0,0,0,1,1,0,0,0,0,0,0,0,0,0,0,0,0,0,0,0,0,0,0,0,1,1,1,0,1,1,0,1,1,1,0,0,1,1,0,0,1,1,1,0,0,1,1,0,0,0,1,0,1,1,0,0,0,0,0,0,0,0,0,1,1,1,0,0,0,1,0,0,1,0,1,0,0,0,1,1,0,0,1,0,1,0,1,0,0,0,1,0,0,1,0,0,0,0,0,0,0,0,0,0,0,0,0,0,0,0,0,0,0,0,0,1,1,0,0,1,1,0,1,0,1,0,1,1,1,1,0,1,1,0,1,1,1,1,0,0,0,1,1,0,0,1,1,0,1,1,0,0,0,0,0,1,0,0,1,0,0,0,1,0,1,0,1,1,1,0,0,1,1,0,1,0,0,1,1,1,1,0,1,1,0,1,1,1,1,1,0,1,1,0,1,1,1,1,0,0,0,1,1,0,1,0,0,1,1,1,1,0,1,1,0,1,1,1,0,1,1,0,0,0,1,0,0,1,1,1,0,1,1,0,0,0,1,0,1,0,0,1,0,0,1,0,0,0,1,0,1,1,0,1,1,0,0,0,1,1,0,0,1,0,1,1,0,1,1,0,
1,1,1,1,1,0,1,0,1,0,1,0,1,0,0,0,0,1,1,1,1,1,1,0,0,0,1,0,1,0,0,1,0,0,1,0,0,1,1,1,0,0,1,0,1,0,0,0,0,0,1,0,0,0,1,1,0]


Apartado b)

alf="AÁBCDEÉFGHIÍJKLMNÑOÓPQRSTUÚVWXYZ .,;:()¿?¡!-0123456789aábcdeéfghiíjklmnñoópqrstuúvwxyz"

A=[1,0,1,0,1,0,1,1,1],
[1,0,1,0,1,1,0,0,1],
[1,0,1,1,0,1,1,0,0],
[0,1,0,1,0,0,1,1,0],
[0,0,1,1,1,0,0,1,1],
[1,1,1,1,0,0,0,0,0]

lista_02=[3,1,4,2,0,4,2,3,0,0,4,0,2,1,4,1,4,0,4,2,1,1,4,2,3,0,1,2,4,2,3,2,4,0,3,3,1,0,3,1,1,2,3,1,4,3,3,4,3,3,4,2,4,3,2,0,4,1,1,2,3,4,2,3,0,4,4,3,0,2,4,0,2,4,2,2,0,4,4,4,3,0,0,4,1,1,2,2,2,3,0,2,1,2,3,4,4,1,3,2,0,4,3,1,4,2,0,3,3,3,3,0,4,3,1,1,2,2,1,3,0,4,4,2,3,1,3,3,3,2,2,4,2,4,2,4,3,0,2,0,1,0,3,0,1,3,3,1,1,2,1,0,1,2,2,3,1,4,2,1,1,2,3,0,2,4,0,4,4,3,0,4,0,3,2,1,4,3,0,2,4,3,4,0,2,3,1,4,2,1,1,2,3,0,0,1,1,2,1,4,4,4,1,4,3,0,4,2,1,4,4,2,3,3,1,3,0,2,1,1,1,2,2,4,0,0,0,0,2,1,1,2,0,1,2,4,2,3,0,2,2,0,3,3,3,3,0,4,3,1,1,2,2,1,3,3,4,4,4,4,0,4,1,4,2,1,4,3,1,1,1,1,2,1,4,4,4,1,4,3,0,4,2,1,4,4,4,0,3,1,1,3,1,1,2,3,3,3,1,1,1,2,0,0,1,4,3,3,1,2,0,4,2,4,0,1,4,2,2,3,3,0,4,3,1,1,2,2,1,
2,2,1,0,1,4,1,1,2,4,2,4,2,2,3,4,4,1,4,0,1,3,3,4,1,2,4,4,2,0,4,4,1,1,0,0,2,2,2,0,3,0,2,2,2,4,2,4,1,4,3,2,1,4,3,3,1,1,2,4,2,2,3,3,1,4,2,1,0,4,3,0,2,1,1,2,0,4,4,1,4,1,2,3,4,2,3,3,2,4,2,4,3,4,0,2,3,1,4,2,1,1,2,3,0,0,1,1,2,1,4,4,4,1,4,3,0,4,2,1,4,3,1,2,2,1,3,0,2,1,1,1,2,2,4,4,3,4,3,3,3,0,4,0,3,2,1,4,3,0,1,0,1,2,1,0,4,2,1,0,2,1,3,2,2,4,1,4,0,2,4,2,3,3,4,2,3,4,2,4,2,4,0,0,3,4,2,1,0,4,3,0,2,1,1,4,1,3,2,1,3,3,4,3,3,1,1,2,1,1,2,4,1,1,0,0,2,2,2,0,3,0,2,2,2,4,3,4,2,3,0,4,4,3,0,2,4,0,2,4,2,3,2,3,4,2,3,1,4,2,1,1,2,3,0,4,3,3,4,4,2,4,3,4,2,2,4,0,1,1,2,1,3,3,4,4,4,4,2,4,2,0,4,3,2,0,2,4,2,3,2,4,4,0,2,2,0,4,3,0,1,1,4,2,2,3,3,0,4,3,1,1,2,2,1,2,2,1,3,1,0,1,3,0,0,2,2,4,2,1,4,3,4,2,
0,3,4,1,3,3,2,2,2,2,4,2,4,3,4,0,2,3,1,4,2,1,1,2,3,0,0,1,1,2,1,4,4,4,1,4,3,0,4,2,1,4,0,4,1,2,3,3,1,0,3,1,1,2,3,1,1,3,3,4,3,3,4,2,4,3,2,0,4,1,1,2,2,4,2,2,3,3,4,1,3,3,0,3,3,0,1,1,3,3,4,4,4,4,2,4,2,0,4,3,2,0,1,2,0,0,1,4,3,3,1,2,0,4,2,4,0,3,4,2,1,2,4,2,3,2,2,1,3,2,4,2,2,1,2,3,2,3,1,4,2,1,1,2,3,0,3,4,4,4,1,1,1,2,0,1,2,4,2,3,0,1,4,1,1,0,0,3,1,1,0,2,1,2,2,2,4,0,1,0,4,3,4,2,4,3,2,1,3,2,0,4,3,1,4,1,1,2,3,0,1,2,3,4,2,1,4,4,1,4,1,1,4,0,0,1,2,4,0,3,0,3,1,0,2,0,4,0,2,4,4,2,1,4,1,1,4,1,3,2,1,3,3,4,3,3,1,1,2,1,1,2,2,4,1,0,2,3,1,3,2,2,1,2,2,4,2,3,3,4,4,2,4,3,4,2,2,4,0,1,1,2,4,1,4,0,1,3,3,4,1,2,4,4,2,0,4,2,4,1,0,2,2,2,4,2,3,0,2,2,4,2,2,0,3,3,3,3,0,4,3,1,1,2,2,1,3,4,3,0,3,4,0,2,
4,4,2,1,4,1,1,2,1,4,0,4,2,2,0,3,2,2,1,1,2,4,2,0,4,0,0,3,1,2,1,3,3,0,1,3,0,1,3,4,4,4,3,4,3,0,3,2,0,4,2,1,2,4,4,3,1,3,0,2,3,3,2,2,3,2,4,2,3,3,4,3,3,0,1,3,3,1,1,4,1,1,2,0,0,3,2,1,0,3,2,1,2,1,4,2,3,3,0,4,0,1,2,3,1,4,2,1,1,2,3,0,1,1,1,4,3,1,4,4,3,1,3,0,4,2,3,4,1,4,0,4,2,2,0,3,2,2,1,1,2,4,2,3,1,4,4,3,3,0,4,3,1,1,2,2,1,4,3,1,3,3,3,2,3,1,3,3,0,2,3,0,3,3,1,2,0,3,1,0,4,3,3,1,0,2,4,4,1,0,2,0,0,1,3,0,0,2,2,4,2,1,3,0,3,1,1,2,1,0,4,2,2,4,2,1,1,2,0,1,1,0,4,4,2,0,4,2,1,3,2,1,4,4,2,3,3,1,3,0,2,1,1,1,2,2,4,0,1,1,2,1,4,4,4,1,4,3,0,4,2,1,4,3,4,1,4,1,2,1,2,1,3,0,2,1,3,3,1,3,2,1,3,3,4,3,3,1,1,2,1,1,2,2,4,2,2,3,3,4,1,3,3,0,3,3,0,1,3,3,4,3,3,4,2,4,3,2,0,4,1,1,2,4,1,1,4,1,2,1,2,1,3,1,
1,2,2,4,0,1,0,4,3,4,2,4,3,2,1,3,2,0,4,2,3,3,2,3,4,0,3,3,1,1,3,1,1,2,1,3,3,2,4,3,4,4,4,1,1,2,1,2,2,4,3,4,1,3,1,3,0,3,0,3,3,0,0,3,2,3,0,2,1,4,1,3,1,0,3,1,0,3,3,1,0,2,4,0,2,4,2,0,0,4,3,1,1,4,3,4,0,3,4,3,3,3,4,1,1,2,0,2,4,1,1,3,2,0,4,4,2,0,3,0,4,2,2,4,2,3,3,1,4,2,1,0,4,3,0,2,1,1,2,2,1,3,0,1,3,0,3,1,0,0,3,2,1,4,4,2,3,2,2,1,1,4,2,3,0,1,2,4,0,0,0,1,0,4,4,4,1,4,3,0,4,2,1,3,0,0,1,0,3,4,2,4,3,2,0,4,1,1,4,4,1,3,2,1,3,4,1,1,1,1,2,1,4,0,4,0,2,1,0,3,1,1,0,2,0,3,1,3,4,4,4,2,3,3,0,3,0,3,1,4,1,1,3,3,3,0,3,0,0,4,3,3,0,1,4,0,2,0,3,4,3,3,2,1,0,3,2,1,2,0,0,1,4,2,1,2,3]